	shannon	simpson	observed_species	PD_whole_tree
3141_s	0.841116764731	0.365883085412	6.0	1.82255
1458_s	1.73368135483	0.662387656249	12.0	3.92713
Positive_s	0.497297616643	0.183636291408	5.0	2.11076
1405_s	1.19021668699	0.522190133348	9.0	2.093395
3278_s	0.312933752394	0.0824904002407	5.0	1.82778
1341_s	2.78418297986	0.815981347426	19.0	2.984905
2955_s	1.57109977029	0.535077100035	6.0	2.339235
2187_s	0.453277722911	0.142540392297	6.0	1.938215
1759_s	1.0462310369	0.490939396172	5.0	1.437985
1621_s	0.00211171291714	0.000259980199578	6.0	1.86644
2387_s	1.23723910368	0.467144777916	6.0	1.56976
1600_s	1.92545092808	0.695792402757	8.0	2.190095
2224_s	2.12856094227	0.734865352132	5.0	1.444635
1663_s	0.689012348122	0.262349652451	8.0	2.53301
2781_s	0.337116876795	0.0849871343086	8.0	3.101805
2278_s	0.496334808458	0.193727150939	5.0	1.36038
2191_s	0.381297015803	0.129364674881	7.0	2.75911
2780_s	0.647196391832	0.23456004397	8.0	1.58707
1611_s	0.0196077857282	0.00351323530048	6.0	1.385285
1455_s	0.0538430813943	0.0107588523698	6.0	1.656845
2277_s	0.60438865089	0.246753509806	11.0	2.976255
1586_s	0.0392647898304	0.00741916756373	5.0	2.091945
2273_s	0.391226556532	0.113578800132	9.0	2.553515
2121_s	2.64883613955	0.81807699617	12.0	2.36398
2055_s	1.90753216087	0.7074804528	7.0	2.11157
2173_s	0.0516352387014	0.010589779987	5.0	1.6592
2810_s	0.0400330044617	0.00704634869731	6.0	2.481305
3178_s	0.00622441770767	0.000919903300598	3.0	1.497545
1627_s	0.000988057813826	0.000119996999832	3.0	1.63938
1626_s	0.0141647425404	0.00247756292607	4.0	1.513585
2879_s	0.200111941043	0.0521330330928	5.0	1.57092
1869_s	1.37727107282	0.522108544432	4.0	1.60111
1372_s	1.94966575265	0.734537892597	4.0	1.38023
1418_s	0.590704955094	0.165789080364	7.0	2.134995
1614_s	0.12015020459	0.0253268210988	8.0	3.480115
2354_s	0.0171572273759	0.00305586529283	3.0	1.29724
2205_s	0.274191695051	0.0733190876162	7.0	2.393145
1548_s	0.0925437346565	0.0163314432049	9.0	2.243995
3015_s	0.78107339554	0.299257803965	6.0	1.432605
1412_s	2.48542741802	0.762145393225	13.0	2.81404
1408_s	0.781026487727	0.236601648154	8.0	2.521825
2188_s	1.33250009547	0.545028954386	11.0	3.09633
1535_s	0.778521052491	0.23582467933	13.0	2.706315
2152_s	0.804623535112	0.263119020357	4.0	1.10609
2324_s	0.190162718357	0.0484891516557	4.0	1.483705
1381_s	0.017029690794	0.00309537861391	5.0	2.192095
2082_s	0.430732983306	0.134453694769	7.0	1.73152
1283_s	2.1310675799	0.738035892756	12.0	3.183565
1485_s	1.65891476061	0.626020970954	12.0	2.485595
3138_s	0.0177483079767	0.0029367442	4.0	1.38093
2876_s	0.036073415566	0.00646794818645	5.0	1.560235
1514_s	0.0284168887805	0.00533948264075	4.0	1.6866
2351_s	1.44723248448	0.588808589875	7.0	1.59806
1552_s	0.0328856383005	0.00612552343742	4.0	1.47493
1414_s	0.214626251932	0.0571756231848	5.0	1.62094
3115_s	0.0777769856436	0.0143297068072	6.0	1.87689
2355_s	0.279484717015	0.0733832773403	7.0	2.40783
1612_s	0.178016990229	0.0454023326203	5.0	1.914595
1860_s	1.02326535725	0.502258691006	4.0	2.02658
1350_s	0.626655832604	0.18793203195	6.0	1.579555
1868_s	1.64070901678	0.654821617418	5.0	1.593735
3187_s	1.83044024335	0.6847479174	7.0	2.518315
3279_s	0.140945646657	0.0332659868963	4.0	1.77573
1482_s	0.496526395437	0.158263471448	3.0	1.23656
3019_s	0.921560865295	0.44662288011	2.0	1.215775
2176_s	0.0682429933404	0.0131289994729	5.0	2.115555
Negative_s	0.831923656368	0.297358270122	6.0	2.10684
2194_s	2.75777565931	0.826479486005	16.0	3.78897
1468_s	1.49840179186	0.529033797008	10.0	2.1959
3060_s	1.14712885728	0.492578510759	5.0	2.304025
2_s	1.37516077405	0.571801555756	7.0	2.07986
2609_s	0.565965114408	0.220338048795	5.0	1.33867
1430_s	0.0747078566323	0.0157764764395	3.0	1.013025
1380_s	1.46391102571	0.580291358464	9.0	2.02744
2969_s	1.07977336481	0.404747991244	7.0	1.983135
2784_s	2.52164063634	0.816326530612	6.0	1.397735
2836_s	0.918295834054	0.444444444444	2.0	0.421315
2803_s	2.28103611255	0.740740740741	6.0	2.398525
1523_s	0.439496986922	0.165289256198	2.0	1.039705
1445_s	1.33254722481	0.408558846776	6.0	1.783745
1326_s	1.32504869108	0.45664169249	5.0	1.495465
1574_s	0.317320262558	0.0766003717181	6.0	1.867495
2242_s	0.750345939636	0.200361588185	7.0	2.549805
1577_s	0.101819952337	0.0223067159848	5.0	1.54001
1960_s	0.14258653233	0.0285345404865	7.0	2.68183
1722_s	0.891832791973	0.357589004126	7.0	2.558945
1340_s	1.36556662343	0.544827401767	6.0	2.2109
1871_s	1.00401051127	0.473411563882	5.0	1.59922
1267_s	0.449428958758	0.134166847049	5.0	1.556795
1331_s	1.85922038132	0.687367904047	7.0	1.78258
2120_s	1.40764582354	0.589619128045	5.0	1.951675
3057_s	0.7096724084	0.239608573956	9.0	2.51441
2219_s	0.681732368834	0.281998089754	6.0	2.368085
1295_s	0.882361873844	0.312929672765	6.0	1.93759
2223_s	0.513837310882	0.162829145278	3.0	1.17229
1858_s	-0	0.0	1.0	0.147185
2300_s	0.0182954062501	0.00343857746361	2.0	1.25002
2390_s	0.15342593173	0.0370632052456	3.0	1.348355
3102_s	2.62100284355	0.797082148042	9.0	2.33919
1700_s	0.785996164903	0.315322401054	4.0	1.43523
1603_s	0.691654598074	0.237086712908	10.0	2.681035
1471_s	0.833820162869	0.30514703952	9.0	2.016335
1587_s	0.0550280012823	0.0100516973324	8.0	2.75594
2398_s	0.0247188225249	0.0046498476	4.0	1.944955
2932_s	0.0393426648751	0.0068446336	5.0	1.713115
3099_s	0.928773132737	0.296149493729	9.0	2.80415
2218_s	0.445201110314	0.147439820174	5.0	1.63928
1460_s	0.77437882003	0.250752286341	9.0	2.76188
1413_s	1.4326740012	0.541524458129	6.0	2.15551
2525_s	0.0810332341206	0.0157970253441	5.0	2.41012
3023_s	-0	0.0	1.0	0.96825
1237_s	1.02736274018	0.412128772244	5.0	1.556795
1534_s	0.371429106846	0.132744231278	2.0	1.18934
1995_s	1.43454914	0.469387755102	5.0	1.609365
1495_s	0.0994428944648	0.0221053299792	3.0	1.086925
3124_s	0.1467710533	0.036382536355	5.0	1.305025
2235_s	0.214189060752	0.0478883104179	7.0	1.573665
2053_s	1.27813746536	0.446503313264	4.0	1.476285
1549_s	0.0445123728027	0.00783195202933	5.0	1.5608
2035_s	0.0452306367679	0.0079975874	7.0	2.01226
1560_s	0.047056885157	0.00862741837434	4.0	1.167535
1672_s	0.0482180740973	0.009223361274	4.0	1.175425
1620_s	0.124399252761	0.028419512804	4.0	1.491815
1428_s	0.010513213922	0.00181998029034	2.0	1.01547
3014_s	1.67209024022	0.485127812747	9.0	2.1935
1509_s	0.256509092869	0.0668209433458	7.0	1.860255
1671_s	0.0565059003756	0.0102767036283	5.0	1.15039
1369_s	0.691187994548	0.224997484443	6.0	1.607605
1511_s	1.17877123932	0.497042794647	5.0	1.28577
1459_s	1.07838315405	0.494653965073	8.0	2.287845
3109_s	0.0523145561826	0.00868507931293	9.0	2.569915
1314_s	0.00765650627293	0.00116017960808	3.0	1.443905
3186_s	0.983166074264	0.488377066701	2.0	1.172395
1_s	0.0822131269839	0.0172258486968	5.0	1.756975
2928_s	0.715843121222	0.316355548012	2.0	1.07086
2416_s	0.251451378361	0.0635005144836	4.0	2.37565
1258_s	1.67232667084	0.645567566384	8.0	1.691545
2265_s	0.494877415955	0.163989840762	8.0	2.477595
2304_s	0.080815807262	0.019806703123	2.0	1.01547
1763_s	0.254241529291	0.0710262509037	5.0	2.49856
2519_s	0.286212331007	0.0698406762003	6.0	1.692395
2262_s	0.0311245351307	0.00548911	4.0	1.788185
1807_s	1.07487306865	0.495975689799	8.0	2.0634
1539_s	1.23190415453	0.4189441518	7.0	2.339925
1286_s	0.413537874966	0.120373619081	5.0	1.77879
2204_s	0.68031630037	0.189029791169	6.0	1.657235
1317_s	0.472013062669	0.163610707528	3.0	1.26929
2172_s	0.156015382509	0.0408276852101	4.0	1.65684
1725_s	2.21579666873	0.731588823722	13.0	3.400855
1409_s	1.72385775632	0.6378065809	6.0	1.949425
3056_s	0.101924937669	0.0213594695985	4.0	2.03338
2415_s	0.07689368277	0.0173895650352	3.0	1.086925
1762_s	0.672617493857	0.263032021816	7.0	2.24319
1564_s	0.999864704472	0.499906223217	2.0	1.25002
1912_s	1.91731232035	0.721894463668	4.0	2.11582
1675_s	0.29058948947	0.0896188983614	3.0	1.26929
3137_s	0.119190613351	0.0287651000242	3.0	1.356815
1238_s	0.345658110448	0.102583921057	7.0	2.30092
1522_s	0.098461848393	0.0220591474192	4.0	1.377365
1481_s	0.64097424261	0.180299803759	5.0	1.55554
3175_s	2.28405036359	0.718813623304	9.0	2.82309
1368_s	0.400697558756	0.119656480155	7.0	2.37841
1874_s	0.581221341307	0.197899686101	6.0	1.57389
1844_s	0.347949789136	0.0886320092915	5.0	1.57838
1358_s	2.52164063634	0.816326530612	6.0	1.894725
2807_s	0.109370530248	0.0228241749614	6.0	1.08837
2078_s	1.13142172802	0.453373604928	4.0	1.909325
3125_s	1.16147885056	0.413447227374	6.0	2.092505
1573_s	0.365376882799	0.097532429615	4.0	1.48857
2350_s	0.196842342546	0.0591203734704	2.0	1.07086
1454_s	1.03400168153	0.451920044547	4.0	1.13554
2386_s	0.392736454259	0.1427170488	2.0	1.01547
2291_s	0.0533222982374	0.0120372418024	2.0	1.01547
1733_s	0.0438553765489	0.0085513714	3.0	1.15794
3282_s	0.558353895525	0.177428728941	5.0	2.439215
2929_s	1.36958364823	0.496521203293	5.0	1.512775
2968_s	0.749509749845	0.336682561586	2.0	1.41264
1806_s	0.446767175866	0.155200920478	3.0	1.323235
2528_s	0.332560840936	0.0869544234897	6.0	1.756605
2590_s	0.918295834054	0.444444444444	2.0	1.25002
2213_s	0.737124826185	0.213136606506	7.0	1.87952
1497_s	1.73995878921	0.610344129206	7.0	2.187565
3129_s	0.96795952805	0.405485159009	3.0	1.40347
1758_s	0.918063370847	0.444289477838	2.0	1.141325
2399_s	0.0298056743121	0.00547328544709	3.0	1.03474
2908_s	1.25292230633	0.500646620794	3.0	1.63938
1826_s	0.638352506474	0.233619251119	4.0	1.806135
1599_s	1.15004537323	0.457463272598	5.0	1.42188
1538_s	0.849165909142	0.336004113484	5.0	2.017605
3112_s	1.34536575372	0.507863580426	6.0	2.281995
1996_s	0.831012112562	0.246875760722	5.0	2.19585
1737_s	1.21410832116	0.447305661037	5.0	1.76339
1269_s	0.0360229941693	0.00757112	2.0	0.49065
1229_s	0.541961692905	0.154147207876	7.0	1.94147
1588_s	-0	0.0	1.0	0.96825
2583_s	0.357574767222	0.111574481168	3.0	1.29724
2967_s	0.319399393831	0.0820950563448	4.0	1.51838
2192_s	0.776254668811	0.208939961775	7.0	1.828755
2524_s	0.558617576997	0.226836728839	2.0	1.25002
1863_s	1.02528510652	0.440186197475	6.0	1.78231
2328_s	0.137119323567	0.037728621404	2.0	1.07086
1239_s	0.234346151565	0.061705120199	5.0	1.45161
1244_s	0.145706829272	0.0334085715959	4.0	1.337515
2839_s	0.92915190486	0.325682363258	6.0	2.316425
1253_s	1.38439389985	0.478801141089	6.0	2.24389
1406_s	1.05387675447	0.483237835327	3.0	1.497545
1313_s	1.16698193962	0.384573850563	6.0	1.739325
1328_s	1.71829081935	0.593102905245	6.0	1.817935
1241_s	1.37123945764	0.560145802466	3.0	1.489905
2783_s	-0	0.0	1.0	0.96825
3174_s	1.00482134688	0.392308417267	4.0	1.283065
1281_s	1.31495311077	0.392509505585	9.0	1.75513
1843_s	0.940819331872	0.339415036187	10.0	3.135865
2210_s	1.37151931381	0.560287059749	3.0	1.490375
1344_s	1.02076313449	0.422908430214	4.0	1.31651
1660_s	1.07171651791	0.499507073416	3.0	1.29617
1268_s	1.88052853944	0.642191056711	5.0	1.6279
1355_s	0.81788829037	0.25079119399	8.0	1.967955
3126_s	0.786162222601	0.240456742659	5.0	1.73476
2158_s	0.0179988993713	0.0033742878	2.0	1.01547
2261_s	1.0262107677	0.4324304006	5.0	1.412315
1696_s	0.407984218243	0.126275297281	5.0	1.41409
3022_s	0.9556222686	0.385897190272	3.0	1.46186
1255_s	0.388644168554	0.105469806593	4.0	1.110005
3_s	0.977144862962	0.383445019354	6.0	2.016185
4_s	1.07140062854	0.490429765578	3.0	1.26748
2325_s	0.603439206767	0.161175251155	6.0	1.784465
2953_s	0.244000841054	0.0723745430415	3.0	1.69868
2227_s	1.01521249322	0.305488339214	8.0	1.974455
2290_s	1.45591230747	0.4003608744	11.0	2.208075
1500_s	1.66159250688	0.591078582907	7.0	2.35003
1510_s	1.41879427824	0.528129269539	6.0	1.686365
1427_s	1.4243291762	0.564451916193	8.0	2.302175
2239_s	1.14989847186	0.342168158581	8.0	2.126005
2254_s	1.18663269553	0.341655892644	7.0	1.724275
1354_s	0.910072364936	0.290882790908	5.0	1.60915
3190_s	0.707954291349	0.2060951272	5.0	2.09749
2054_s	0.308528694118	0.0877020965119	3.0	1.29724
2079_s	0.179282341532	0.0395875956251	6.0	1.51017
2413_s	0.266775272734	0.086781116936	2.0	1.18934
2409_s	0.894166263828	0.362140446661	4.0	1.562315
1299_s	0.026131422789	0.00520001666395	2.0	1.10256
2954_s	0.151490721671	0.0336931842603	4.0	1.31651
1526_s	1.0806329254	0.5034578614	3.0	1.29724