	shannon	simpson	observed_species	PD_whole_tree
1_s	0.0845726729299	0.0169124918	8.0	2.05774
1229_s	0.570013627257	0.19845501268	9.0	2.33633
1230_s	0.319852146624	0.0802521428607	8.0	1.99273
1231_s	1.13536838859	0.517331704116	8.0	2.15189
1237_s	0.803746488124	0.275835094	8.0	1.616985
1238_s	1.42150907666	0.575269828511	11.0	3.182315
1239_s	0.648922781949	0.178263205361	9.0	3.19729
1241_s	2.10139866252	0.713607822455	6.0	2.10542
1244_s	1.38963042531	0.531876220861	9.0	2.25151
1253_s	0.865882621016	0.271577438122	9.0	2.294665
1255_s	0.45962190526	0.1289305332	4.0	1.206705
1258_s	0.712814925928	0.20961193774	10.0	1.91441
1267_s	1.42400181701	0.501505062451	11.0	2.07585
1268_s	1.14024109587	0.441673048738	9.0	2.01934
1269_s	0.105594277005	0.0220359387166	4.0	1.27975
1272_s	0.0749285781692	0.0131057908264	13.0	2.52482
1281_s	1.2371032687	0.533190244292	10.0	1.93624
1283_s	2.99924591188	0.853573601771	18.0	4.702395
1286_s	1.64103214433	0.6099544537	9.0	2.28049
1295_s	1.66047768602	0.606599451579	9.0	2.18272
1299_s	0.555930984438	0.22066260003	4.0	1.391875
1311_s	0.129438068739	0.0293523472345	7.0	1.752515
1312_s	0.593365063196	0.1780528804	7.0	1.981115
1313_s	2.33645844389	0.743132102631	9.0	2.484585
1314_s	0.03189342975	0.00521159	6.0	2.10675
1317_s	0.764556081489	0.273518616553	10.0	2.64853
1326_s	0.564335960987	0.151390882226	9.0	2.13973
1327_s	0.184595102181	0.0442090658143	5.0	1.686375
1328_s	0.361665130832	0.0843729803968	10.0	2.40094
1331_s	1.03267782589	0.28537950363	16.0	2.9344
1340_s	1.31655454439	0.436333567085	10.0	2.207995
1341_s	3.10223440047	0.842299174793	28.0	3.89247
1344_s	0.820591096701	0.258443966853	8.0	1.618795
1350_s	1.30470623682	0.454099602478	14.0	2.395155
1354_s	1.75376893703	0.562317203488	7.0	1.85192
1355_s	1.77179276884	0.641275518046	10.0	2.125775
1358_s	1.40216368831	0.508370963603	9.0	2.36213
1368_s	1.16988632217	0.5244664388	9.0	2.11628
1369_s	0.67664799492	0.249466764396	7.0	2.063245
1372_s	0.470606507612	0.12171588191	10.0	2.862185
1373_s	0.0536948503093	0.0107522896759	6.0	1.961235
1380_s	1.34779262667	0.489285000439	12.0	2.635615
1381_s	0.0353704239332	0.00683887444229	9.0	2.208095
1405_s	0.510303836396	0.156961754015	14.0	2.53954
1406_s	1.626601991	0.518944243455	10.0	2.441165
1408_s	1.90014241081	0.645248452792	15.0	3.56663
1409_s	1.41826741682	0.488746576245	10.0	2.64308
1412_s	3.20804008162	0.86127908245	20.0	3.92731
1413_s	0.948961583898	0.311971038348	8.0	1.97557
1414_s	0.992638031114	0.4550805658	5.0	1.5954
1415_s	0.190021584235	0.0431862732	6.0	1.591905
1418_s	0.31498191215	0.0704670292125	13.0	2.78943
1427_s	2.14033523975	0.713499757105	13.0	2.913035
1428_s	0.0239547237928	0.00379656359647	6.0	1.89783
1430_s	0.164137591899	0.040182651849	4.0	1.39342
1445_s	0.217057658719	0.0487589483063	11.0	2.347755
1454_s	1.40001725561	0.520485308763	7.0	1.404815
1455_s	0.25683669761	0.0590156400696	17.0	4.035225
1458_s	1.98989842353	0.615882025353	22.0	5.85226
1459_s	1.21243284879	0.51624816112	11.0	2.54093
1460_s	1.68228702231	0.611164354026	12.0	3.53485
1468_s	2.55656937235	0.768296151804	18.0	3.294945
1471_s	2.29017155339	0.738766920332	11.0	3.17518
1481_s	0.633532597593	0.177729810425	5.0	1.73381
1482_s	0.947315050802	0.4408047674	4.0	2.002615
1485_s	1.57037813945	0.501372996568	17.0	3.150765
1495_s	0.331800402736	0.0789161724395	6.0	1.436375
1496_s	1.63137143308	0.5035604042	7.0	2.07389
1497_s	1.96945015144	0.6445566858	10.0	2.858305
1500_s	2.3339398174	0.705474612702	10.0	2.822775
1509_s	1.73525624827	0.677627446865	10.0	1.691105
1510_s	1.95060368285	0.616211043159	11.0	2.00679
1511_s	1.90994083904	0.64056538285	10.0	1.9201
1514_s	0.0332521301523	0.0058868606622	7.0	1.602755
1522_s	0.128740645676	0.0260239249459	7.0	1.858295
1523_s	0.294339102348	0.074867309081	6.0	1.742515
1526_s	1.53200873671	0.602495136642	4.0	1.49279
1534_s	1.54810617055	0.61506428456	6.0	1.320985
1535_s	1.79004325074	0.602401608941	21.0	3.80486
1538_s	0.498491658126	0.165709315	7.0	2.08215
1539_s	0.515116670494	0.175738111577	11.0	2.581475
1548_s	1.41543301446	0.569886313758	12.0	2.471205
1549_s	0.0478747079459	0.00809097027218	7.0	2.088755
1552_s	0.0215087916127	0.00337621067545	9.0	2.63295
1560_s	1.52681592505	0.6364223006	6.0	1.377245
1564_s	1.7943703769	0.6754953182	5.0	1.865535
1573_s	0.276293075953	0.0784819056	9.0	1.987495
1574_s	0.889360081189	0.349037938316	10.0	2.72837
1577_s	1.7062995092	0.620473922892	8.0	1.9755
1586_s	0.0201936728091	0.00349507440158	7.0	2.679575
1587_s	0.57695877895	0.222026143632	13.0	3.59897
1588_s	0.573024169861	0.175688420001	4.0	1.575385
1599_s	1.24178487346	0.452292161899	7.0	1.70104
1600_s	2.55547993966	0.80908555523	13.0	2.465735
1603_s	1.80803539328	0.663767883221	18.0	3.70843
1611_s	0.0895457707359	0.0213563974	8.0	1.589005
1612_s	1.2485977587	0.5372465344	7.0	1.52921
1614_s	0.151652897876	0.0313268982665	15.0	4.90125
1620_s	0.15677637393	0.0348029651372	8.0	2.439165
1621_s	0.00263325746493	0.0003199684	8.0	2.48337
1626_s	0.0315364534477	0.0055479546	9.0	2.36766
1627_s	0.00162162537845	0.000199992199352	4.0	1.86047
1659_s	0.0807139910434	0.016052367417	5.0	1.40287
1660_s	0.621155210505	0.190771801941	7.0	1.74444
1663_s	0.594907714648	0.184445484346	10.0	2.79285
1671_s	1.30693555957	0.509929062234	9.0	1.473015
1672_s	0.0995004422642	0.0179597751289	9.0	2.174765
1675_s	0.629901851444	0.1754085178	8.0	1.96719
1696_s	0.0927186381155	0.0189276937155	4.0	1.26495
1700_s	1.97159866113	0.658720630408	8.0	2.17282
1701_s	0.210053705335	0.0463591470124	9.0	2.05341
1721_s	0.0832799134609	0.0169664918	7.0	1.585785
1722_s	1.72221249365	0.642388095337	10.0	2.70725
1725_s	1.94767066682	0.52734862698	21.0	4.38283
1733_s	0.12880446399	0.0278744453083	4.0	1.38871
1737_s	2.06256365848	0.684346731216	10.0	2.082245
1758_s	2.22967213446	0.725078560395	9.0	2.31222
1759_s	0.123366469535	0.0276918282165	4.0	1.275025
1762_s	0.740552642294	0.257207787311	12.0	3.23334
1763_s	0.380047033182	0.0986994936677	8.0	2.417815
1806_s	1.1287801854	0.444253045895	6.0	1.962705
1807_s	1.5118575008	0.582542801198	10.0	2.27389
1823_s	1.11345598217	0.303391693936	9.0	1.973405
1826_s	1.56511613812	0.509946643482	9.0	2.82974
1843_s	1.56753500853	0.490018416521	19.0	3.71685
1844_s	0.687360635431	0.182463946861	7.0	2.085165
1858_s	0.105938770787	0.0243434722	4.0	0.941085
1860_s	1.10992654913	0.36673643118	8.0	2.253655
1863_s	1.76726913097	0.64323405798	10.0	2.798845
1868_s	2.38596307928	0.7894141332	8.0	2.853065
1869_s	1.58461080333	0.5956154612	9.0	2.447905
1871_s	1.18180021587	0.520982602616	9.0	2.172295
1874_s	1.45819371931	0.538161228171	11.0	2.639295
1908_s	0.197828389309	0.0425555534847	8.0	2.292965
1909_s	0.381925090203	0.0881183414	8.0	2.443995
1960_s	1.13914019192	0.506070488217	13.0	3.512265
1995_s	0.275443229713	0.0709190618092	7.0	2.156655
1996_s	1.17063496562	0.492739494657	9.0	2.627875
1999_s	1.57617475458	0.455630956335	9.0	2.1538
2_s	1.45658320534	0.579135191268	11.0	2.453945
2035_s	0.0368322953043	0.00622898820506	6.0	1.81546
2053_s	0.940435449759	0.4192659378	5.0	1.674505
2054_s	1.06927418495	0.4526474332	4.0	1.282475
2055_s	2.17573108477	0.735280555115	10.0	1.811235
2058_s	0.05392249984	0.0101840071188	4.0	1.21001
2078_s	0.802374163603	0.228807272866	9.0	2.27259
2079_s	0.432946190695	0.108993503892	9.0	1.788105
2082_s	1.0438503173	0.389883213771	8.0	2.1629
2120_s	2.10064268412	0.735910471994	10.0	2.817125
2121_s	1.64985153165	0.509827568091	16.0	2.804995
2152_s	1.31349832351	0.544871206	9.0	2.24318
2158_s	0.0471107758645	0.0103914986427	2.0	1.18934
2172_s	0.37698591577	0.1024595238	7.0	2.272355
2173_s	0.104062205742	0.0213170302	8.0	1.954015
2176_s	1.01958124831	0.460827752709	8.0	2.98913
2187_s	0.699888811316	0.273042939358	10.0	2.573725
2188_s	1.77093476201	0.611064077747	13.0	3.562765
2191_s	0.441449874587	0.137313834656	12.0	3.41552
2192_s	1.61870581897	0.591044117241	11.0	2.28686
2194_s	2.588114179	0.683337970772	27.0	4.167665
2204_s	0.741254664484	0.231575788609	10.0	2.16099
2205_s	0.433962102177	0.120156551519	10.0	3.22592
2209_s	1.40662646689	0.561650737	6.0	1.67126
2210_s	0.467102398399	0.119947829545	7.0	1.60463
2213_s	0.556101061402	0.135938969704	9.0	2.02414
2218_s	0.532264148039	0.164426743118	9.0	2.141065
2219_s	1.03744563052	0.4116886276	9.0	2.98876
2223_s	1.03418626212	0.4190997944	7.0	2.25524
2224_s	0.37050813416	0.0955530543439	6.0	1.558225
2227_s	0.877445568709	0.227642897435	9.0	2.129995
2235_s	0.501102312494	0.125437791743	10.0	2.1563
2239_s	0.27204120244	0.0785388188624	8.0	2.041565
2242_s	1.30131586754	0.423976543281	13.0	3.63038
2250_s	0.156643187255	0.0345846992	6.0	1.954575
2254_s	1.28738359037	0.375000909	8.0	1.868345
2261_s	1.32124659221	0.472794796057	8.0	1.672055
2262_s	0.0906826471261	0.0192339286	5.0	1.61965
2265_s	0.574528858767	0.178881481571	14.0	3.911715
2273_s	0.555496902078	0.157255034626	13.0	3.585675
2274_s	0.272047076031	0.0715278540358	6.0	1.583835
2277_s	0.0300636668424	0.00469301723387	14.0	2.716475
2278_s	0.135550454803	0.0340433287087	9.0	2.265285
2286_s	0.0360197630534	0.00648906273618	4.0	1.536525
2287_s	0.366847305567	0.0855888834	8.0	2.202385
2290_s	0.623820544169	0.2026361564	12.0	2.281285
2291_s	0.64731000003	0.200801927985	5.0	1.65522
2292_s	0.622976900491	0.174196284648	5.0	1.77565
2300_s	0.0304074032772	0.00557927357331	3.0	1.47111
2301_s	0.767767609743	0.240598538747	8.0	1.98635
2304_s	0.737126570435	0.245574739091	6.0	1.67385
2324_s	0.567121551774	0.208176587461	8.0	2.3404
2325_s	0.586424597439	0.214449461506	8.0	1.962045
2328_s	1.28318879664	0.475650570316	5.0	1.73615
2350_s	0.988934780221	0.3864284248	5.0	1.73615
2351_s	1.81826151999	0.636765786621	9.0	1.84843
2354_s	0.00161012858777	0.0001999856	4.0	1.542565
2355_s	0.222123682321	0.0578289505732	10.0	2.801065
2386_s	0.027269370863	0.0054649848	2.0	1.18934
2387_s	0.370218015168	0.100486082317	9.0	1.958135
2390_s	0.522223395801	0.1704400506	7.0	1.83725
2398_s	0.00683328652107	0.000939724794402	6.0	2.19085
2399_s	1.50768494067	0.6228056304	6.0	1.62103
2409_s	0.760477136883	0.250777643328	8.0	2.118845
2413_s	0.112408080508	0.0283806956111	4.0	1.282475
2415_s	0.654997476368	0.272780034433	4.0	1.63354
2416_s	1.00173965348	0.256791976382	13.0	3.969845
2519_s	0.99826463148	0.370041692397	8.0	2.06395
2524_s	1.31920869981	0.5477802222	4.0	1.843855
2525_s	0.785168152736	0.3436227444	8.0	3.28127
2528_s	0.641566154724	0.242517258613	9.0	2.98873
2583_s	0.831703226127	0.278395007072	7.0	1.95303
2587_s	0.37407170742	0.104173267831	6.0	1.73917
2590_s	0.393921403216	0.09896012	7.0	1.97281
2609_s	1.07262169569	0.50797397827	7.0	1.473075
2612_s	0.162910654517	0.035122405436	6.0	1.578405
2659_s	1.3224720851	0.375261144	9.0	2.961375
2662_s	0.069306116042	0.0126375911584	6.0	2.65674
2697_s	1.33539566177	0.506236299404	5.0	1.62351
2700_s	0.158952078021	0.0378434024643	8.0	2.569595
2780_s	1.09814871055	0.363115434014	9.0	1.87611
2781_s	1.22411301258	0.527030375922	10.0	3.26512
2783_s	1.1232230321	0.397093575089	5.0	1.77765
2784_s	0.152792054061	0.0383921418521	6.0	1.396035
2803_s	0.744659748332	0.299023642643	9.0	2.122535
2807_s	0.298846352383	0.0806047810963	10.0	1.48678
2810_s	1.50214127581	0.613374565737	13.0	3.298655
2834_s	0.0133998612145	0.0022180006	3.0	1.120095
2836_s	0.116133034164	0.0266357048832	5.0	1.352395
2839_s	0.748359437018	0.239769608184	11.0	2.638485
2876_s	0.0345996382622	0.0053516580957	9.0	2.241315
2879_s	1.4900101433	0.556682173501	9.0	2.563805
2908_s	0.12503475846	0.0243529153651	8.0	2.505795
2909_s	1.42650707364	0.401155446251	9.0	3.019495
2913_s	0.298913963903	0.0712734542	8.0	2.90746
2928_s	1.3919276866	0.564117275289	7.0	2.161805
2929_s	1.7728125592	0.616970202145	9.0	2.72824
2932_s	0.86716136229	0.3751497798	8.0	1.970045
2953_s	0.448281782702	0.1340813888	5.0	1.70975
2954_s	0.207189078049	0.0503334122	4.0	1.337515
2955_s	1.10074970112	0.404950464369	11.0	2.12699
2967_s	1.08081456106	0.436499214172	8.0	2.536545
2968_s	1.39668490176	0.5113244694	6.0	2.468685
2969_s	0.765784461719	0.243813276158	12.0	2.250025
2972_s	0.0341504375653	0.00585130793691	5.0	1.5954
3_s	1.16676499671	0.418182720874	6.0	2.112835
3014_s	1.33210587433	0.360733472	10.0	2.496455
3015_s	1.6033582715	0.632733654357	9.0	1.939195
3019_s	0.13681596646	0.0277848605453	6.0	1.810955
3022_s	1.41693905248	0.5685921536	5.0	2.12564
3023_s	1.01937421657	0.490777355038	4.0	1.56647
3056_s	1.5927648588	0.6418914714	7.0	2.43247
3057_s	0.887524226312	0.276023347698	12.0	3.142725
3060_s	1.71292225182	0.59533576992	11.0	3.585835
3061_s	0.0980275962758	0.0198490667547	10.0	2.88884
3098_s	0.0369503900372	0.0066048726	4.0	1.542565
3099_s	1.29749550887	0.456088693124	12.0	3.224595
3102_s	2.54313178809	0.783073408177	11.0	3.06665
3109_s	0.0763112195426	0.0129712808817	12.0	2.166065
3112_s	1.3670984993	0.46371064524	8.0	2.901505
3115_s	0.492026541315	0.159344702543	8.0	2.456655
3124_s	0.254896536772	0.0676971245785	8.0	1.634415
3125_s	1.44238943431	0.561994433286	6.0	1.83759
3126_s	1.04457811924	0.296576192792	8.0	2.400075
3129_s	1.49383859165	0.541526766881	6.0	2.04496
3137_s	0.168519897614	0.0383754848	5.0	1.82265
3138_s	0.79716174386	0.3368522546	5.0	1.472705
3141_s	1.62487070189	0.624916852773	8.0	2.383505
3174_s	1.15628652517	0.427806828481	5.0	1.480815
3175_s	1.45002475497	0.5296346922	15.0	3.72824
3178_s	0.00933459363118	0.00137937898744	4.0	1.55554
3186_s	1.57476711573	0.660006174078	4.0	1.45148
3187_s	2.05543163362	0.7097135776	13.0	3.54745
3190_s	0.576961049784	0.155028141947	6.0	2.483275
3278_s	0.662118560986	0.2594262876	7.0	1.883405
3279_s	1.12564477176	0.511208170862	9.0	2.647955
3282_s	1.5165876659	0.521223034913	9.0	3.25346
4_s	1.58504883187	0.615502768625	5.0	1.59118
Negative_s	0.898285007837	0.298448835947	8.0	1.46753
Positive_s	0.51688454619	0.188774465777	9.0	2.70199